1
1
1
1
1
1
1
1
1
1
1
1
1
1
1
1
1
1
1
1
0.997086964103016
0.969696416747193
0.900913189703183
0.776816434461096
0.599838090696964
0.400161925466274
0.22318358037569
0.0990868223972151
0.0303035912812175
0.00291303922600676
0
0.00797731662266818
0.0182977412327778
0.0268007362897094
0.0322592060808909
0.034988080677809
0.0358538660830033
0.0357169581259121
0.0352030774014418
0.0346722375762205
0.034277628790313
0.0340457301700742
0.0339435697060208
0.0339225304085082
0.0339406549044877
0.0339700559056466
0.0339961788558214
0.0340139000982759
0.0340233715373031
0.0340268818502367
0.034026984244311
0.0340256522159526
0.0340240874650726
0.0340228488487605
0.0340220790661296
0.0340217105223843
0.0340216070515693
0.0340216409218922
0.0340217223479287
0.0340218014345774
0.0340218582162769
0.0340218904695573
0.0340219038948517
0.0340219059254957
0.0340219027044992
0.03402189818471
0.0340218943483115
0.034021891829159
0.0340218905334883
0.0340218900924721
0.0340218901232541
0.0340218903404896
0.0340218905760786
0.0340218907556771
0.0340218908637032
0.0340218909130363
0.0340218909248298
0.0340218909179447
0.0340218909052068
0.0340218908934899
0.0340218908853558
0.0340218908808955
0.0340218908791553
0.0340218908790074
0.0340218908795567
0.0340218908802457
0.0340218908808064
0.0340218908811628
0.0340218908813388
0.0340218908813928
0.0340218908813818
0.034021890881347
0.0340218908813118
0.0340218908812859
0.0340218908812708
0.0340218908812643
0.034021890881263
0.0340218908812643
0.0340218908812663
0.034021890881268
0.0340218908812691
0.0340218908812698
0.03402189088127
0.03402189088127
0.0340218908812699
0.0340218908812698
0.0340218908812697
0.0340218908812697
0.0340218908812696
0.0340218908812696
0.0340218908812696
0.0340218908812696
0.0340218908812696
0.0340218908812696
0.0340218908812696
0.0340218908812696
0.0340218908812696
0.0340218908812696
0.0340218908812696
0.0340218908812696
0.0340218908812696
0.0340218908812696
0.0340218908812696
0.0340218908812696
0.0340218908812696
0.0340218908812696
0.0340218908812696
0.0340218908812696
0.0340218908812696
0.0340218908812696
0.0340218908812696
0.0340218908812696
0.0340218908812696
0.0340218908812696
0.0340218908812696
0.0340218908812696
0.0340218908812696
0.0340218908812696
0.0340218908812696
0.0340218908812696
0.0340218908812696
0.0340218908812696
0.0340218908812696
0.0340218908812696
0.0340218908812696
0.0340218908812696
0.0340218908812696
0.0340218908812696
0.0340218908812696
0.0340218908812696
0.0340218908812696
0.0340218908812696
0.0340218908812696
0.0340218908812696
0.0340218908812696
0.0340218908812696
0.0340218908812696
0.0340218908812696
0.0340218908812696
0.0340218908812696
0.0340218908812696
0.0340218908812696
0.0340218908812696
0.0340218908812696
0.0340218908812696
0.0340218908812696
0.0340218908812696
0.0340218908812696
0.0340218908812696
0.0340218908812696
0.0340218908812696
0.0340218908812696
0.0340218908812696
0.0340218908812696
0.0340218908812696
0.0340218908812696
0.0340218908812696
0.0340218908812696
0.0340218908812696
0.0340218908812696
0.0340218908812696
0.0340218908812696
0.0340218908812696
0.0340218908812696
0.0340218908812696
0.0340218908812696
0.0340218908812696
0.0340218908812696
0.0340218908812696
0.0340218908812696
0.0340218908812696
0.0340218908812696
0.0340218908812696
0.0340218908812696
0.0340218908812696
0.0340218908812696
0.0340218908812696
0.0340218908812696
0.0340218908812696
0.0340218908812696
0.0340218908812696
0.0340218908812696
0.0340218908812696
0.0340218908812696
0.0340218908812696
0.0340218908812696
0.0340218908812696
0.0340218908812696
0.0340218908812696
0.0340218908812696
0.0340218908812696
0.0340218908812696
0.0340218908812696
0.0340218908812696
0.0340218908812696
0.0340218908812696
0.0340218908812696
0.0340218908812696
0.0340218908812696
0.0340218908812696
0.0340218908812696
0.0340218908812696
0.0340218908812696
0.0340218908812696
0.0340218908812696
0.0340218908812696
0.0340218908812696
0.0340218908812696
0.0340218908812696
0.0340218908812696
0.0340218908812696
0.0340218908812696
0.0340218908812696
0.0340218908812696
0.0340218908812696
0.0340218908812696
0.0340218908812696
0.0340218908812696
0.0340218908812696
0.0340218908812696
0.0340218908812696
0.0340218908812696
0.0340218908812696
0.0340218908812696
0.0340218908812696
0.0340218908812696
0.0340218908812696
0.0340218908812696
0.0340218908812696
0.0340218908812696
0.0340218908812696
0.0340218908812696
0.0340218908812696
0.0340218908812696
0.0340218908812696
0.0340218908812696
0.0340218908812696
0.0340218908812696
0.0340218908812696
0.0340218908812696
0.0340218908812696
0.0340218908812696
0.0340218908812696
0.0340218908812696
0.0340218908812696
0.0340218908812696
0.0340218908812696
0.0340218908812696
0.0340218908812696
0.0340218908812696
0.0340218908812696
0.0340218908812696
0.0340218908812696
0.0340218908812696
0.0340218908812696
0.0340218908812696
0.0340218908812696
0.0340218908812696
0.0340218908812696
0.0340218908812696
0.0340218908812696
0.0340218908812696
0.0340218908812696
0.0340218908812696
0.0340218908812696
0.0340218908812696
0.0340218908812696
0.0340218908812696
0.0340218908812696
0.0340218908812696
0.0340218908812696
0.0340218908812696
0.0340218908812696
0.0340218908812696
0.0340218908812696
0.0340218908812696
0.0340218908812696
0.0340218908812696
0.0340218908812696
0.0340218908812696
0.0340218908812696
0.0340218908812696
0.0340218908812696
0.0340218908812696
0.0340218908812696
0.0340218908812696
0.0340218908812696
0.0340218908812696
0.0340218908812696
0.0340218908812696
0.0340218908812696
0.0340218908812696
0.0340218908812696
0.0340218908812696
0.0340218908812696
0.0340218908812696
0.0340218908812696
0.0340218908812696
0.0340218908812696
0.0340218908812696
0.0340218908812696
0.0340218908812696
0.0340218908812696
0.0340218908812696
0.0340218908812696
0.0340218908812696
0.0340218908812696
0.0340218908812696
0.0340218908812696
0.0340218908812696
0.0340218908812696
0.0340218908812696
0.0340218908812696
0.0340218908812696
0.0340218908812696
0.0340218908812696
0.0340218908812696
0.0340218908812696
0.0340218908812696
0.0340218908812696
0.0340218908812696
0.0340218908812696
0.0340218908812696
0.0340218908812696
0.0340218908812696
0.0340218908812696
0.0340218908812696
0.0340218908812696
0.0340218908812696
0.0340218908812696
0.0340218908812696
0.0340218908812696
0.0340218908812696
0.0340218908812696
0.0340218908812696
0.0340218908812696
0.0340218908812696
0.0340218908812696
0.0340218908812696
0.0340218908812696
0.0340218908812696
0.0340218908812696
0.0340218908812696
0.0340218908812696
0.0340218908812696
0.0340218908812696
0.0340218908812696
0.0340218908812696
0.0340218908812696
0.0340218908812696
0.0340218908812696
0.0340218908812696
0.0340218908812696
0.0340218908812696
0.0340218908812696
0.0340218908812696
0.0340218908812696
0.0340218908812696
0.0340218908812696
0.0340218908812696
0.0340218908812696
0.0340218908812696
0.0340218908812696
